2.4828e-05
2.4826e-05
2.4833e-05
2.4824e-05
2.4834e-05
2.4756e-05
2.4827e-05
2.4816e-05
2.484e-05
2.4798e-05 
2.4829e-05
2.4822e-05
2.4824e-05
2.4821e-05
2.4825e-05
2.483e-05
2.4823e-05
2.4829e-05
2.4831e-05
2.4819e-05
2.4824e-05
2.482e-05
2.4836e-05
2.4832e-05
2.4836e-05
2.4828e-05
2.4825e-05
2.4821e-05
2.4828e-05
2.4829e-05
2.4837e-05
2.4825e-05
2.4828e-05
2.4826e-05 
2.483e-05
2.4832e-05
2.4836e-05
2.4826e-05
2.483e-05
2.4822e-05
2.4836e-05
2.4823e-05
2.4827e-05
2.4827e-05
2.4828e-05
2.4827e-05
2.4831e-05
2.4827e-05
2.4826e-05
2.4833e-05
2.4826e-05
2.4832e-05
2.4832e-05
2.4824e-05
2.4839e-05
2.4828e-05
2.4824e-05
2.4825e-05
2.4832e-05
2.4825e-05
2.4829e-05
2.4827e-05
2.4828e-05
2.4829e-05
2.4816e-05
2.4823e-05
